0.08615079987900898 0.9956914189189512 0.42974935948462856 0.6085701030704317 0.9540657896001659 0.02663258557341852 0.9400767263658886 0.5340210003081685 0.835371122953553 0.9216526628135914 
0.2536004807626301 0.16236151088825868 0.695469248479769 0.7380028003427123 0.19954614151170857 0.12419242517668971 0.963322725074176 0.5446218247277431 0.4485970153155405 0.12040552855190179 
0.7884112872257125 0.8212661551718754 0.04508525636191085 0.04645769108469899 0.3065964782615299 0.6072677136361386 0.8352846030292669 0.9798235222694731 0.7721748745912361 0.4409609604927124 
0.2402262799841517 0.943139092739567 0.9994367137640036 0.9549975122572171 0.056859328830520806 0.4161058421190488 0.9371008040356024 0.6687678350614964 0.6905310985703511 0.36850773486890953 
0.46171195432974144 0.21730862219920222 0.8768767546925059 0.47886049406110054 0.9307127956453146 0.12203531033826553 0.46700428063395893 0.9058939408077847 0.06710094136350275 0.820803654535026 
0.4148276069734784 0.5932379939022847 0.6001925178187815 0.4290361115999618 0.13068835978356108 0.890411419984226 0.06217746066045604 0.8627857526629774 0.13358021623743888 0.5743241373898024 
0.3716123821780266 0.5728657454407634 0.32991730063336333 0.35850710666177044 0.8274659233967926 0.18338751680669663 0.192265845238624 0.5361484501125328 0.12469163286859464 0.5620605702629659 
0.6562695204739906 0.14487813013516648 0.7635648420896252 0.2923458762656965 0.028443893903059347 0.46310348041057214 0.44415594133381686 0.8147968260681311 0.8596698381486367 0.425653194177702 
0.605754006701175 0.08957864217593525 0.11163474072521651 0.30408683167856254 0.5238805984634365 0.8906447812600379 0.346666030291811 0.2948752028598435 0.5623535499538685 0.9620361593512606 
0.3880660261586478 0.62994593328094 0.0724847826408902 0.6079881972453055 0.7068624157802271 0.16044501068918893 0.4536509634103414 0.20918970892382327 0.7117198299771829 0.2035426588133955 

0.6950611559315643 0.16313611920463422 0.10049909681052138 0.6432730550900422 0.10681644992475758 0.7325679955174395 0.89057505611893 0.8443437464243007 0.4366339616981708 0.33841177816198587 
0.28101909987987905 0.834907785943539 0.1537172947211758 0.2299344128143186 0.4118522064912553 0.014013533509421583 0.4480014651199383 0.687216273206999 0.9669552326320812 0.3816416708690058 
0.8968023212346976 0.7760045790220096 0.8187875559265143 0.7799272658393163 0.8717255252034429 0.5837362573457853 0.5816431839469872 0.17047872542874432 0.631671991868479 0.4019558518313152 
0.9854279346328022 0.9524393121436079 0.2872637622735972 0.3835079633859134 0.6770436746258162 0.6256258909590335 0.7072276616621757 0.6973530783489796 0.6801757809992586 0.5643584541210164 
0.4930659009873324 0.8360299885738482 0.7914627143668153 0.5760312533085526 0.09827712878836392 0.09058903513787941 0.43841284842260797 0.6456273918439456 0.4868383318751365 0.05890862943513486 
0.32657485574859 0.4161227318308488 0.006243241259311305 0.662834992629822 0.8147120859839305 0.549217196052121 0.9617062123893825 0.6961573817963391 0.05051155177571531 0.8911280612666967 
0.6763501537998237 0.43282242534443816 0.2905830987327398 0.4844910078160831 0.15097763817833432 0.4363453747954046 0.7161777923047374 0.13666374216221255 0.03611528799181496 0.08859134134121782 
0.3597068454999104 0.13982261281788477 0.24836445590075995 0.8622767185221097 0.49229022063324557 0.0879365290121138 0.3573725630226682 0.49654019514463554 0.17456278075973775 0.5220517678225517 
0.6448572374678022 0.3217132965526879 0.7915939550913745 0.38443890101830913 0.6539309909930364 0.6307787598657534 0.6583223432342065 0.7407849062622547 0.735671156700181 0.7201681075463131 
0.23586513878974136 0.07120671181843286 0.46715783366366403 0.0503062312003687 0.13963987864543903 0.8814773956220282 0.5117886248987201 0.42701974071884574 0.9610973896912248 0.08127392213543438 

